USER = nchw73 (Theo Farrell),
ALGORITHM CODE = GA, NAME OF CITY-FILE = AISearchfile535.txt,
SIZE = 535, TOUR LENGTH = 49852,
449,53,135,283,202,302,353,481,398,286,440,427,164,305,75,21,340,336,294,300,30,207,289,518,442,415,452,12,473,144,212,85,192,516,100,216,101,313,410,471,315,16,175,48,359,419,462,388,324,236,429,180,339,22,528,228,358,421,260,423,127,490,402,25,158,46,142,457,482,515,89,392,117,83,162,476,450,529,59,208,500,334,418,519,196,436,448,4,483,63,295,121,354,407,321,194,369,112,94,8,167,328,120,233,446,237,70,64,98,9,374,311,69,206,145,351,52,279,264,103,276,510,445,106,209,363,238,475,47,477,146,520,170,14,58,240,282,263,28,108,285,360,502,505,214,431,182,460,15,23,397,219,497,71,154,159,486,430,199,310,514,373,365,136,377,204,234,371,143,147,383,148,105,132,379,318,464,501,466,444,76,134,511,141,37,57,291,366,487,438,453,496,254,447,61,341,265,166,253,348,389,404,160,152,443,104,361,60,51,314,459,215,235,352,306,467,32,153,0,177,491,534,187,178,90,195,186,387,344,400,27,393,268,432,35,492,62,531,6,478,226,395,411,508,130,345,480,406,122,425,80,179,181,252,256,168,213,84,190,303,364,433,405,287,437,517,503,470,242,320,474,56,394,34,309,50,525,118,133,380,128,217,526,248,193,66,149,245,126,524,290,140,403,274,1,43,250,72,82,185,262,267,74,174,391,157,468,401,222,88,273,188,119,10,249,26,230,36,332,231,210,439,416,330,322,138,317,493,41,533,73,292,355,494,422,376,386,78,424,255,20,465,109,97,523,472,506,40,96,312,451,270,347,455,456,367,200,284,307,461,390,412,375,335,297,435,54,259,95,241,458,288,513,38,527,165,13,509,277,24,125,220,272,93,370,532,77,79,201,239,479,325,124,275,384,469,139,111,278,151,67,110,169,171,489,91,189,281,293,17,92,81,484,156,413,65,378,426,18,137,99,337,11,326,372,499,232,155,495,381,327,357,521,123,266,258,2,161,522,163,205,507,39,44,243,191,131,349,150,350,86,269,301,19,227,417,211,385,261,45,115,382,114,257,342,343,42,316,428,49,172,225,338,409,3,498,102,271,329,504,463,198,29,203,173,68,368,244,31,184,280,408,319,362,298,441,512,296,454,55,331,396,346,176,223,485,246,323,420,224,87,308,247,116,399,414,229,221,183,333,434,488,5,251,218,113,197,107,7,129,33,304,299,356,530,
NOTE = Time limit = 50 seconds.
Starting p_mutation = 0.2.
First best tour update at it = 1.
Last best tour update at it = 5.

The parameter values are 'max_it' = 8 and 'pop_size' = 250.
RUN-TIME = 53.8 seconds.
CERTIFICATE = 94440.
