USER = nchw73 (Theo Farrell),
ALGORITHM CODE = GA, NAME OF CITY-FILE = AISearchfile175.txt,
SIZE = 175, TOUR LENGTH = 24637,
32,29,77,83,13,18,49,108,155,57,172,58,39,174,30,80,62,78,86,144,71,117,137,160,157,5,140,166,171,130,115,168,102,66,120,114,75,150,64,70,14,97,82,122,145,124,170,84,11,25,127,27,93,53,10,146,100,99,165,89,54,101,147,134,56,105,88,16,169,28,51,151,173,138,3,123,112,37,126,94,26,36,12,21,9,141,121,129,90,79,104,22,111,69,4,40,154,119,59,85,153,110,6,107,113,95,15,152,44,74,98,41,47,156,61,76,81,67,45,31,143,135,2,149,7,73,96,50,116,48,139,35,133,72,136,42,24,60,34,43,33,167,148,52,8,103,68,65,91,1,161,125,63,162,55,159,132,92,142,128,131,20,0,38,23,163,118,17,109,158,164,87,106,19,46,
NOTE = Starting p_mutation = 0.2.
First best tour update at it = 3.
Last best tour update at it = 1982.

The parameter values are 'max_it' = 2000 and 'pop_size' = 250.
RUN-TIME = 324.1 seconds.
CERTIFICATE = 10574.
