USER = nchw73 (Theo Farrell),
ALGORITHM CODE = GA, NAME OF CITY-FILE = AISearchfile175.txt,
SIZE = 175, TOUR LENGTH = 26766,
39,72,65,48,139,35,133,30,174,25,11,84,55,159,43,23,163,19,46,58,172,49,108,42,155,33,151,138,99,101,165,89,37,112,78,86,144,56,105,16,10,53,20,88,131,128,119,59,126,141,9,94,40,154,166,140,157,5,171,125,75,150,17,118,7,81,90,79,45,31,83,77,29,64,70,107,15,152,6,136,18,106,50,96,122,145,73,91,116,162,109,158,71,117,63,52,148,167,36,26,137,164,87,129,104,121,111,22,67,76,61,143,135,85,100,146,134,147,54,169,38,0,4,28,27,127,170,93,173,3,123,24,34,60,13,57,8,80,115,168,102,66,97,82,103,62,68,51,132,153,110,74,98,2,47,156,41,32,44,149,124,92,142,12,69,21,14,114,120,113,95,130,161,160,1,
NOTE = p_mutation = 0.2.
First best tour update at it = 1.
Last best tour update at it = 1906.

The parameter values are 'max_it' = 2000 and 'pop_size' = 250.
RUN-TIME = 214.7 seconds.
CERTIFICATE = 10784.
