USER = nchw73 (Theo Farrell),
ALGORITHM CODE = GA, NAME OF CITY-FILE = AISearchfile535.txt,
SIZE = 535, TOUR LENGTH = 49785,
53,449,302,202,283,135,353,481,398,286,440,427,164,305,75,21,340,336,294,300,30,207,289,518,473,442,415,452,12,144,212,85,192,516,100,216,101,471,315,16,175,48,359,419,462,388,324,236,429,402,490,22,528,228,358,421,260,423,127,180,339,25,158,46,142,457,482,515,89,392,117,83,162,500,476,450,529,59,208,323,246,420,224,55,331,396,346,176,223,485,184,31,244,368,68,298,362,319,408,280,296,454,512,441,87,308,247,116,399,414,229,221,183,333,434,488,5,251,218,113,197,107,7,129,33,304,299,356,530,313,410,8,167,328,120,233,446,334,418,519,196,436,448,4,483,63,295,121,354,407,321,194,369,112,94,237,70,64,98,9,374,311,69,206,145,351,52,279,264,103,276,510,445,106,209,363,238,475,47,477,146,520,170,14,58,240,282,263,28,108,285,360,502,505,214,431,182,460,15,23,397,219,497,71,154,159,486,430,199,310,514,373,365,136,377,204,234,371,143,147,383,148,105,132,379,318,464,501,466,444,76,134,511,141,37,57,291,366,487,438,453,496,254,447,61,341,265,166,253,348,389,404,160,152,443,104,361,320,474,56,394,195,90,178,344,400,187,534,491,177,0,27,393,268,432,35,492,62,531,6,478,32,153,306,467,235,352,215,242,51,60,314,459,470,503,517,437,287,405,433,364,84,190,303,213,161,522,168,256,122,425,80,179,181,252,226,395,411,508,130,345,480,406,186,387,66,149,245,126,524,290,140,403,274,193,248,526,217,118,133,380,128,525,34,309,50,1,43,250,72,82,185,262,267,74,174,391,157,468,401,222,88,273,188,119,10,249,26,230,36,332,231,322,330,416,439,210,41,493,317,138,73,292,355,533,494,422,169,171,489,91,189,281,293,17,92,81,484,156,413,65,378,426,18,137,99,337,11,326,372,499,232,155,495,381,327,357,521,123,266,258,2,163,205,386,376,412,375,335,78,424,255,20,465,109,97,523,472,506,40,96,312,451,270,347,455,456,367,200,284,307,461,390,110,67,151,278,111,139,469,384,275,124,239,201,79,479,325,297,435,54,259,95,241,458,288,513,38,527,165,13,509,277,24,125,220,272,93,370,532,77,39,44,243,191,507,131,349,150,350,86,269,301,19,227,417,211,385,261,45,115,382,114,257,342,343,42,316,428,49,172,225,338,409,3,498,102,271,329,504,463,198,29,203,173,
NOTE = Starting p_mutation = 0.2.
First best tour update at it = 4.
Last best tour update at it = 17.

The parameter values are 'max_it' = 1000 and 'pop_size' = 250.
RUN-TIME = 4343.6 seconds.
CERTIFICATE = 93266.
