USER = nchw73 (Theo Farrell),
ALGORITHM CODE = GA, NAME OF CITY-FILE = AISearchfile180.txt,
SIZE = 180, TOUR LENGTH = 197260,
141,168,65,11,82,6,22,140,109,179,128,1,24,119,55,142,85,66,63,173,29,176,44,87,14,30,171,37,153,33,148,125,101,133,54,83,126,112,108,23,164,52,78,56,53,32,116,175,162,99,46,166,4,123,34,172,104,98,160,58,26,113,19,71,80,149,81,45,20,88,47,61,163,147,161,41,0,57,134,68,25,139,150,8,38,18,2,5,105,77,13,144,51,155,62,42,167,111,177,15,69,156,159,21,145,110,158,3,59,143,117,170,93,48,76,84,137,16,97,9,107,67,40,74,152,127,103,39,169,135,50,178,79,94,36,174,157,122,17,10,114,35,100,31,12,27,115,138,129,60,89,136,75,92,154,28,70,102,91,165,86,131,120,64,146,7,106,43,121,96,118,90,73,132,124,95,151,72,130,49,
NOTE = p_mutation = 0.2.
First best tour update at it = 1.
Last best tour update at it = 925.

The parameter values are 'max_it' = 1000 and 'pop_size' = 250.
RUN-TIME = 177.4 seconds.
CERTIFICATE = 12214.
