USER = nchw73 (Theo Farrell),
ALGORITHM CODE = GA, NAME OF CITY-FILE = AISearchfile175.txt,
SIZE = 175, TOUR LENGTH = 24414,
162,109,164,137,117,158,71,1,63,86,65,46,91,116,139,48,50,96,160,140,171,87,130,66,102,168,115,113,95,15,152,107,64,70,150,17,118,6,7,149,110,79,81,76,61,67,104,22,111,26,105,56,28,40,82,97,75,14,145,122,62,68,19,106,144,78,35,133,174,30,58,172,13,18,49,42,108,136,57,72,39,60,24,34,43,52,103,80,8,163,23,155,33,167,148,3,138,151,123,112,37,0,131,16,100,146,88,20,134,147,101,54,89,165,12,36,94,141,126,53,10,4,119,59,27,127,84,153,25,11,85,154,93,170,124,92,132,159,55,114,120,5,166,157,161,125,74,32,44,29,77,83,41,156,143,135,45,31,47,98,2,90,129,121,9,69,21,73,169,38,51,142,128,99,173,
NOTE = Starting p_mutation = 0.2.
First best tour update at it = 1.
Last best tour update at it = 1982.

The parameter values are 'max_it' = 2000 and 'pop_size' = 250.
RUN-TIME = 457.1 seconds.
CERTIFICATE = 10390.
