USER = nchw73 (Theo Farrell),
ALGORITHM CODE = GA, NAME OF CITY-FILE = AISearchfile175.txt,
SIZE = 175, TOUR LENGTH = 26402,
131,128,3,33,72,174,133,30,8,60,24,34,23,163,167,51,142,38,169,100,146,99,138,151,37,89,165,59,85,143,135,156,61,134,147,101,54,64,70,107,113,75,14,56,105,40,119,9,26,36,12,21,69,153,110,74,83,77,29,44,32,41,47,31,45,149,6,95,15,152,53,10,4,0,173,159,55,52,148,136,49,108,42,132,92,2,98,67,22,111,141,94,28,62,68,65,78,86,144,160,157,140,106,19,46,116,48,139,91,154,90,104,129,150,102,66,125,166,171,120,114,115,168,158,71,117,5,130,97,82,170,124,73,87,164,137,96,50,39,58,172,57,13,18,80,103,17,118,7,25,11,84,127,27,93,88,20,81,76,79,121,126,112,123,155,43,35,63,162,109,1,161,122,145,16,
NOTE = Starting p_mutation = 0.2.
First best tour update at it = 1.
Last best tour update at it = 1990.

The parameter values are 'max_it' = 2000 and 'pop_size' = 250.
RUN-TIME = 177.7 seconds.
CERTIFICATE = 9648.
