USER = nchw73 (Theo Farrell),
ALGORITHM CODE = GA, NAME OF CITY-FILE = AISearchfile175.txt,
SIZE = 175, TOUR LENGTH = 33011,
157,117,1,56,105,165,69,26,36,22,67,135,143,98,2,41,156,61,90,104,11,85,44,74,32,77,83,29,149,115,47,53,147,138,40,24,123,49,108,42,13,18,57,136,163,103,62,19,97,96,140,35,160,137,164,87,71,158,5,171,76,81,129,15,82,10,88,54,131,3,46,116,174,39,106,161,72,68,8,134,101,126,142,48,86,144,112,151,99,100,146,27,102,95,113,7,120,152,168,16,0,43,148,173,52,94,141,121,12,21,9,111,114,84,118,162,109,166,45,31,79,6,110,51,38,28,73,122,93,4,169,14,50,30,139,17,145,159,127,154,153,92,128,78,55,80,75,91,63,133,65,150,64,170,25,58,172,60,132,59,119,125,70,107,66,37,89,20,124,167,23,155,34,33,130,
NOTE = p_mutation = 0.2.
First best tour update at it = 1.
Last best tour update at it = 815.

The parameter values are 'max_it' = 1000 and 'pop_size' = 250.
RUN-TIME = 126.1 seconds.
CERTIFICATE = 11122.
