USER = nchw73 (Theo Farrell),
ALGORITHM CODE = GA, NAME OF CITY-FILE = AISearchfile535.txt,
SIZE = 535, TOUR LENGTH = 112785,
452,52,14,505,460,136,342,19,417,463,118,274,191,390,523,376,91,524,432,187,411,314,344,425,317,400,186,230,17,11,67,527,95,435,272,171,337,27,194,431,30,203,146,315,260,323,298,377,256,18,285,457,69,530,473,192,197,229,7,324,442,305,300,520,108,214,454,132,173,36,316,489,307,378,405,309,75,286,510,421,482,180,83,233,237,120,445,512,485,282,24,137,440,396,303,327,172,254,372,465,257,384,349,385,227,96,284,350,252,508,179,37,218,333,5,183,58,101,408,176,202,127,216,212,359,448,251,9,502,497,148,240,150,518,449,21,363,420,55,519,399,464,366,208,279,450,116,265,98,70,117,162,94,209,264,247,441,353,336,289,490,236,105,427,196,339,182,360,164,100,313,328,112,154,529,263,311,492,491,235,506,119,330,141,498,288,297,267,147,115,429,522,526,53,15,135,501,413,177,174,488,86,111,125,487,23,500,430,362,346,103,397,302,22,374,246,170,89,423,129,354,68,486,410,48,207,368,373,453,478,107,433,211,469,334,358,299,102,495,466,383,318,294,310,29,181,122,57,291,78,509,287,41,266,357,243,232,99,479,225,269,511,496,61,20,39,326,155,386,97,382,451,426,340,16,142,375,200,215,93,293,156,160,168,412,270,493,65,503,329,415,369,59,175,121,234,290,60,484,189,268,145,219,436,481,275,222,343,217,34,248,38,92,494,409,428,3,50,394,406,210,82,72,149,278,507,54,0,355,352,242,90,443,398,392,321,223,476,438,351,380,126,6,159,46,144,231,322,361,178,517,163,84,204,389,459,393,169,2,220,277,319,71,184,514,199,402,228,167,26,114,253,45,198,124,226,245,331,258,79,42,190,292,499,62,348,301,477,467,281,250,157,455,88,85,4,528,113,434,31,106,296,271,25,418,364,139,185,49,403,338,1,43,381,312,151,128,533,472,424,335,332,195,13,325,104,416,73,320,32,480,341,213,123,51,10,158,462,33,379,153,166,133,221,308,87,356,515,259,458,165,77,143,261,47,74,468,44,193,152,35,276,280,407,483,161,414,283,109,134,521,140,80,130,534,516,224,391,387,444,273,401,532,513,531,188,205,371,8,419,81,367,262,370,12,475,238,28,206,365,64,201,40,347,525,66,76,131,239,422,249,404,439,56,470,437,474,504,345,244,304,63,471,446,295,255,306,138,447,395,241,456,461,110,388,
NOTE = p_mutation = 0.2.
First best tour update at it = 1.
Last best tour update at it = 973.

The parameter values are 'max_it' = 1000 and 'pop_size' = 250.
RUN-TIME = 1340.0 seconds.
CERTIFICATE = 93248.
