USER = nchw73 (Theo Farrell),
ALGORITHM CODE = GA, NAME OF CITY-FILE = AISearchfile175.txt,
SIZE = 175, TOUR LENGTH = 26864,
148,167,16,88,99,173,34,24,60,43,157,5,140,166,171,64,70,109,158,71,87,164,137,117,56,105,169,0,38,28,145,122,91,116,50,96,94,141,126,121,150,17,118,6,74,98,2,124,73,174,30,133,78,86,144,101,54,165,89,112,123,155,33,65,48,139,63,162,19,46,51,132,92,142,128,131,4,154,93,115,168,152,31,45,61,76,67,22,111,41,29,44,32,37,3,138,151,59,27,107,113,95,15,120,114,80,163,23,42,108,49,136,18,13,170,153,84,11,90,129,119,40,53,10,9,26,36,12,21,69,104,156,47,83,77,14,97,106,68,62,103,57,172,58,39,72,55,159,127,85,81,79,149,7,110,25,135,143,147,134,146,100,20,125,102,66,75,82,130,161,160,1,35,8,52,
NOTE = p_mutation = 0.2.
First best tour update at it = 1.
Last best tour update at it = 1913.

The parameter values are 'max_it' = 2000 and 'pop_size' = 250.
RUN-TIME = 354.6 seconds.
CERTIFICATE = 10230.
