USER = nchw73 (Theo Farrell),
ALGORITHM CODE = GA, NAME OF CITY-FILE = AISearchfile180.txt,
SIZE = 180, TOUR LENGTH = 1950,
12,57,142,92,14,56,3,171,26,119,68,39,0,50,174,106,169,154,141,152,145,21,25,70,15,139,46,90,159,105,133,101,71,173,100,48,17,122,167,13,121,137,74,146,166,59,35,164,23,113,87,75,30,52,81,98,84,40,111,108,149,1,117,65,83,22,140,42,60,27,91,45,161,168,86,28,179,109,107,104,138,97,94,69,176,178,132,93,64,153,49,99,155,19,177,41,43,143,116,130,129,123,79,158,144,114,124,33,127,135,95,120,148,88,85,55,82,32,96,31,151,170,54,103,147,134,77,51,62,136,102,16,157,172,18,72,126,175,110,61,58,165,150,8,115,9,162,73,53,67,160,7,38,44,29,2,66,118,125,24,128,11,131,6,10,80,34,5,89,36,63,4,156,47,112,76,37,20,78,163,
NOTE = Starting p_mutation = 0.2.
First best tour update at it = 6.
Last best tour update at it = 6.

The parameter values are 'max_it' = 250 and 'pop_size' = 250.
RUN-TIME = 6.3 seconds.
CERTIFICATE = 11574.
