USER = nchw73 (Theo Farrell),
ALGORITHM CODE = GA, NAME OF CITY-FILE = AISearchfile175.txt,
SIZE = 175, TOUR LENGTH = 26871,
141,22,111,9,36,54,132,159,55,150,75,15,95,113,17,118,7,25,27,59,90,104,112,163,80,8,103,20,88,143,135,47,41,32,171,166,106,19,46,65,68,149,6,14,145,122,16,105,56,173,151,35,133,30,72,39,42,108,49,136,64,70,107,31,45,128,131,146,100,91,96,87,164,71,158,109,162,43,155,60,34,33,52,148,167,29,77,83,152,115,130,116,78,86,144,63,48,139,161,160,157,1,50,174,23,123,3,138,37,12,69,21,67,79,81,119,154,93,85,76,61,156,11,84,127,153,168,102,66,120,114,125,140,5,137,117,44,74,98,2,110,24,18,13,57,172,58,62,51,169,0,38,142,92,73,82,97,170,124,28,40,94,26,165,89,99,4,53,10,134,147,101,126,129,121,
NOTE = Starting p_mutation = 0.2.
First best tour update at it = 1.
Last best tour update at it = 1978.

The parameter values are 'max_it' = 2000 and 'pop_size' = 250.
RUN-TIME = 178.9 seconds.
CERTIFICATE = 10580.
