USER = nchw73 (Theo Farrell),
ALGORITHM CODE = GA, NAME OF CITY-FILE = AISearchfile180.txt,
SIZE = 180, TOUR LENGTH = 248630,
132,94,169,97,114,59,33,3,21,28,86,119,85,66,29,131,6,82,68,55,151,75,44,125,89,175,177,84,88,73,138,100,34,178,160,111,126,102,95,39,106,20,101,63,79,150,158,146,15,153,47,56,163,170,77,127,87,93,165,83,136,135,121,32,154,49,69,43,62,60,52,110,76,115,18,23,143,72,91,147,67,120,2,174,58,57,112,74,118,141,140,171,16,12,173,70,27,9,145,164,40,159,162,22,107,104,176,5,24,26,157,54,117,8,172,65,51,139,142,108,14,48,130,50,17,149,105,19,1,109,129,155,124,13,116,35,31,122,134,99,71,103,123,41,53,98,42,30,152,137,46,168,37,144,96,166,148,156,133,64,38,113,78,92,25,4,7,179,0,10,161,90,128,11,45,167,81,80,61,36,
NOTE = p_mutation = 0.3.
First best tour update at it = 1.
Last best tour update at it = 6103.

The parameter values are 'max_it' = 10000 and 'pop_size' = 250.
RUN-TIME = 2314.8 seconds.
CERTIFICATE = 11326.
