USER = nchw73 (Theo Farrell),
ALGORITHM CODE = GA, NAME OF CITY-FILE = AISearchfile535.txt,
SIZE = 535, TOUR LENGTH = 84179,
114,81,484,156,413,137,258,348,389,41,96,523,443,152,122,425,272,277,288,220,307,461,227,86,233,436,138,317,43,354,485,68,182,497,476,462,94,64,161,522,38,507,39,515,429,236,33,534,393,512,296,481,283,449,514,310,215,352,467,306,396,457,158,120,328,470,366,453,30,207,235,508,157,222,322,332,6,531,0,26,249,289,442,415,133,380,525,232,499,189,211,216,101,340,305,154,377,136,326,521,357,444,76,308,89,482,418,398,353,92,375,124,479,455,456,284,200,390,91,281,205,150,349,97,40,506,441,362,255,111,384,469,325,301,19,385,23,397,505,132,248,526,178,344,197,107,250,72,404,166,265,87,450,334,392,142,359,48,530,313,410,144,351,279,192,516,202,135,304,315,446,196,16,419,276,395,130,345,80,341,134,2,311,302,53,378,65,163,314,411,181,179,168,318,52,445,238,186,56,51,60,3,498,9,70,63,295,448,199,71,383,148,160,320,474,290,524,401,468,225,463,12,212,471,85,245,217,67,110,239,532,119,10,229,247,4,483,407,500,162,208,529,180,510,62,492,104,495,13,241,327,319,31,454,184,285,282,477,431,460,360,502,475,55,331,8,369,286,300,452,69,206,520,240,486,365,20,151,278,78,386,376,275,201,509,489,171,355,185,174,74,88,36,105,147,260,324,388,175,458,44,54,435,164,336,237,121,363,209,427,294,440,268,432,394,266,123,426,447,480,406,256,433,364,303,496,335,297,424,231,291,287,437,381,372,487,438,45,342,343,115,280,170,146,14,466,24,243,191,77,333,5,118,193,66,403,346,223,176,246,116,414,172,428,83,117,519,106,264,103,84,190,298,323,47,169,493,210,57,517,213,253,18,337,259,95,533,292,370,93,125,513,230,330,416,412,312,367,165,527,379,143,399,251,491,177,459,254,61,141,37,35,478,27,113,218,221,59,490,339,228,358,421,194,528,22,127,423,25,46,299,356,321,112,167,473,518,261,451,347,472,293,361,32,153,387,99,11,109,270,382,271,504,329,102,198,219,214,28,58,371,234,204,21,75,402,7,129,100,108,263,128,274,50,309,242,82,1,140,187,400,155,465,139,79,131,350,316,42,252,226,90,195,34,126,149,391,262,267,49,338,409,29,173,203,503,405,511,17,422,494,73,439,188,273,368,244,408,224,420,183,488,434,373,159,430,15,374,98,145,464,501,269,417,257,
NOTE = p_mutation = 0.2.
First best tour update at it = 1.
Last best tour update at it = 1994.

The parameter values are 'max_it' = 2000 and 'pop_size' = 250.
RUN-TIME = 1281.8 seconds.
CERTIFICATE = 100012.
