USER = nchw73 (Theo Farrell),
ALGORITHM CODE = GA, NAME OF CITY-FILE = AISearchfile175.txt,
SIZE = 175, TOUR LENGTH = 22049,
56,105,134,147,101,54,165,89,37,138,3,151,173,99,100,146,20,88,16,131,128,0,38,169,142,28,93,154,40,10,53,4,119,59,27,127,84,11,25,153,110,7,6,149,17,118,64,70,107,113,95,15,152,66,102,114,120,75,14,97,82,122,145,73,124,92,132,51,65,116,48,139,50,91,106,19,46,68,62,103,80,8,163,23,43,155,60,24,34,33,167,148,52,55,159,170,85,81,79,90,104,129,121,126,141,94,9,26,36,12,69,21,111,22,67,76,61,45,31,135,143,47,2,98,74,32,44,29,77,83,41,156,150,115,168,125,166,140,5,157,160,1,96,161,130,171,63,162,109,158,71,117,137,164,87,144,86,78,35,133,30,174,72,39,58,172,57,13,18,136,49,108,42,123,112,
NOTE = Starting p_mutation = 0.2.
First best tour update at it = 1.
Last best tour update at it = 1.

The parameter values are 'max_it' = 250 and 'pop_size' = 250.
RUN-TIME = 45.6 seconds.
CERTIFICATE = 10760.
