USER = nchw73 (Theo Farrell),
ALGORITHM CODE = GA, NAME OF CITY-FILE = AISearchfile535.txt,
SIZE = 535, TOUR LENGTH = 78688,
309,126,532,225,474,60,104,459,404,348,78,521,99,123,156,413,372,484,81,61,341,37,141,76,287,433,258,2,265,447,254,122,34,406,522,222,284,275,437,84,303,345,32,395,235,501,116,218,247,419,462,63,354,321,216,120,334,482,196,446,8,328,209,263,285,369,112,9,69,294,12,207,289,473,100,192,490,356,22,530,421,418,121,442,452,336,135,477,47,238,323,346,176,331,89,142,25,107,197,515,127,415,164,286,318,108,319,408,221,246,223,485,529,436,167,295,103,279,52,500,14,23,397,460,28,58,282,94,21,340,212,70,445,264,64,106,363,276,448,4,519,260,315,15,505,497,214,365,173,29,444,511,494,322,332,88,317,157,261,257,384,325,479,137,426,357,266,242,193,248,531,147,373,310,229,414,208,396,233,237,194,228,471,175,359,516,410,144,518,300,30,75,166,378,11,163,44,277,376,171,91,489,57,443,314,256,90,524,149,133,1,26,249,10,153,195,177,393,62,179,361,187,186,140,0,178,118,217,525,492,467,80,387,400,491,432,245,66,380,143,132,117,59,450,512,31,362,244,280,55,296,429,299,16,374,283,353,202,53,449,377,234,105,371,154,430,517,503,330,119,412,386,262,74,82,43,435,220,527,125,191,13,111,278,456,385,416,439,355,73,292,422,92,253,293,281,409,338,391,72,109,335,370,77,424,110,151,465,20,188,231,93,458,288,95,375,139,239,131,349,350,42,49,206,145,475,146,170,240,520,420,180,33,158,392,46,476,291,366,496,160,51,172,297,255,267,138,230,97,200,506,301,3,102,329,504,271,534,411,508,27,403,454,162,83,483,407,423,358,324,402,339,427,440,398,486,159,182,464,425,181,130,480,124,390,343,270,523,38,507,509,513,24,165,189,533,466,431,311,304,388,7,129,48,313,481,136,305,250,174,211,347,96,312,451,461,367,19,269,86,455,205,17,169,36,56,320,201,67,40,472,307,115,114,468,316,428,438,128,50,35,344,226,478,306,487,453,352,379,71,65,389,364,215,213,470,405,152,18,337,327,134,368,224,98,351,308,488,183,113,528,236,457,87,399,268,274,290,259,54,155,148,502,360,219,383,204,203,168,190,401,273,185,382,45,232,499,381,39,243,272,241,161,394,526,6,79,469,150,68,441,298,302,199,514,252,326,495,198,463,227,417,342,498,184,434,333,41,493,210,5,251,101,85,510,
NOTE = Starting p_mutation = 0.2.
First best tour update at it = 1.
Last best tour update at it = 1997.

The parameter values are 'max_it' = 2000 and 'pop_size' = 250.
RUN-TIME = 2358.8 seconds.
CERTIFICATE = 97184.
