USER = nchw73 (Theo Farrell),
ALGORITHM CODE = GA, NAME OF CITY-FILE = AISearchfile175.txt,
SIZE = 175, TOUR LENGTH = 21796,
150,118,17,64,70,107,113,95,15,152,115,168,66,102,114,120,75,14,97,82,122,145,73,124,92,142,38,0,128,131,16,88,20,146,100,105,56,134,147,101,54,165,89,37,138,151,173,99,3,112,123,24,60,155,43,23,163,8,80,103,62,68,46,19,106,91,50,96,161,1,160,157,5,140,166,171,125,130,116,48,139,65,63,162,109,158,71,117,137,164,87,144,86,78,35,133,30,174,72,39,58,172,57,13,18,136,49,108,42,34,33,167,148,52,159,55,132,51,169,4,10,53,40,154,93,28,170,153,25,11,84,127,85,59,27,119,81,79,90,104,129,121,126,141,94,9,26,36,12,69,21,111,22,67,76,61,45,31,135,143,156,47,2,98,74,32,44,29,77,83,41,110,7,6,149,
NOTE = Time limit = 300 seconds.
Starting p_mutation = 0.2.
First best tour update at it = 1.
Last best tour update at it = 33.

The parameter values are 'max_it' = 2000 and 'pop_size' = 250.
RUN-TIME = 300.5 seconds.
CERTIFICATE = 10618.
