USER = nchw73 (Theo Farrell),
ALGORITHM CODE = GA, NAME OF CITY-FILE = AISearchfile535.txt,
SIZE = 535, TOUR LENGTH = 112495,
528,127,223,319,184,360,505,235,160,411,492,268,218,260,473,182,289,359,315,170,263,351,158,410,333,500,331,31,208,304,175,7,12,397,145,237,311,460,136,147,154,159,167,328,374,264,446,346,320,0,453,139,325,44,507,372,114,455,390,249,401,273,211,504,479,370,456,367,172,188,26,527,501,379,64,318,520,431,323,485,6,35,308,280,445,302,250,327,32,287,39,243,288,13,458,123,171,464,85,305,419,457,276,510,55,272,348,395,290,526,185,391,296,282,294,471,429,83,399,121,396,514,199,132,283,105,98,477,436,164,54,255,191,387,256,330,156,130,141,383,162,144,228,142,116,176,512,70,373,279,442,46,48,103,434,183,488,251,414,324,476,89,9,363,173,213,322,388,47,30,307,447,90,439,61,65,242,354,356,113,229,421,180,209,502,192,196,36,478,107,148,261,491,524,437,465,24,440,59,298,68,8,10,34,303,19,350,285,117,321,58,69,295,5,334,230,111,451,523,417,227,95,205,163,470,150,220,335,40,378,314,494,267,181,513,489,420,246,529,441,403,443,533,92,438,531,179,262,138,416,317,380,118,49,198,3,521,326,104,266,511,155,131,135,365,286,120,392,353,16,515,490,240,206,23,29,341,20,376,493,18,384,357,17,495,2,200,518,108,207,126,412,386,51,53,75,427,310,66,517,50,381,166,76,468,124,110,210,480,309,87,362,94,244,106,214,202,129,236,407,425,212,21,340,45,301,525,153,194,462,299,81,225,217,215,449,101,432,499,532,277,375,177,189,382,423,482,224,450,128,226,444,342,78,426,467,474,461,435,424,472,67,292,404,466,349,74,534,297,91,178,519,402,361,366,125,38,82,169,193,248,284,270,195,77,522,62,204,355,463,102,377,222,221,487,406,140,275,347,93,152,143,481,300,233,161,274,252,345,405,197,238,216,452,219,483,22,475,496,459,306,57,265,60,506,11,122,247,253,149,385,201,336,119,486,415,25,369,112,33,63,389,168,190,337,484,43,469,312,97,27,400,428,151,133,1,157,80,41,508,271,329,409,232,71,254,241,37,433,291,368,56,115,96,79,509,332,73,88,422,86,231,344,413,371,14,239,165,137,174,394,187,186,352,84,364,269,430,408,313,398,257,99,530,516,293,338,498,42,454,100,15,497,72,258,259,278,448,234,393,52,4,358,339,281,503,109,146,203,28,418,245,316,343,134,
NOTE = p_mutation = 0.2.
First best tour update at it = 1.
Last best tour update at it = 968.

The parameter values are 'max_it' = 1000 and 'pop_size' = 250.
RUN-TIME = 1026.3 seconds.
CERTIFICATE = 97442.
