USER = nchw73 (Theo Farrell),
ALGORITHM CODE = GA, NAME OF CITY-FILE = AISearchfile175.txt,
SIZE = 175, TOUR LENGTH = 23837,
20,88,151,78,86,160,157,140,5,87,164,137,117,71,158,144,63,162,109,1,161,96,139,48,116,65,68,46,19,106,91,50,130,166,171,125,95,113,107,75,120,114,66,102,115,168,150,14,118,17,7,149,110,153,11,104,129,121,22,111,141,94,126,53,10,119,0,105,112,123,24,60,34,155,57,58,172,15,152,74,98,32,44,29,77,83,41,47,2,31,45,61,79,90,85,59,154,38,169,173,99,132,55,159,103,62,80,8,133,35,30,174,72,39,13,18,136,49,108,42,43,163,23,33,167,148,52,122,145,82,97,70,64,6,25,84,127,27,170,73,28,142,51,92,124,93,40,4,128,131,16,56,134,147,54,101,165,89,37,138,3,146,100,26,36,12,21,69,9,67,135,143,156,76,81,
NOTE = Starting p_mutation = 0.2.
First best tour update at it = 1.
Last best tour update at it = 1979.

The parameter values are 'max_it' = 2000 and 'pop_size' = 250.
RUN-TIME = 531.2 seconds.
CERTIFICATE = 10834.
