USER = nchw73 (Theo Farrell),
ALGORITHM CODE = AC, NAME OF CITY-FILE = AISearchfile180.txt,
SIZE = 180, TOUR LENGTH = 1950,
131,6,32,82,55,85,88,148,120,95,135,127,31,96,4,63,36,89,163,78,20,37,76,112,47,156,75,87,113,23,108,111,40,84,98,81,52,30,26,119,68,39,12,57,142,92,14,56,3,171,151,170,54,103,147,134,77,51,62,136,102,16,150,8,157,172,18,72,126,175,110,61,58,165,143,43,33,124,114,144,158,79,123,129,130,116,13,167,122,17,164,35,59,166,146,74,137,121,22,83,65,117,1,149,45,91,27,60,42,140,179,109,107,104,138,97,94,69,161,168,86,28,70,25,21,145,152,141,154,169,106,174,50,0,48,100,173,71,101,133,105,159,90,46,139,15,177,41,176,178,132,93,64,153,49,99,155,19,29,2,115,9,162,73,53,67,160,7,38,44,10,80,34,5,66,118,125,24,128,11,
NOTE = Time limit = 60 seconds.
alpha = 1, beta = 5, rho = 0.1, w = 6tau_0 = 0.0002050020500205002.

First best tour update at t = 1.
Last best tour update at t = 12.

The parameter values are 'max_it' = 600 and 'num_ants' = 180.
RUN-TIME = 60.7 seconds.
CERTIFICATE = 11284.
