USER = nchw73 (Theo Farrell),
ALGORITHM CODE = AC, NAME OF CITY-FILE = AISearchfile535.txt,
SIZE = 535, TOUR LENGTH = 50363,
253,166,61,341,265,57,291,366,487,438,453,496,254,447,404,389,348,37,141,511,76,134,444,287,437,517,503,470,84,190,303,213,364,433,405,161,522,168,256,122,425,80,179,181,252,226,395,411,508,130,345,480,406,352,235,215,242,51,60,314,459,443,104,361,320,474,56,394,195,90,178,344,400,187,534,491,177,0,27,393,268,432,35,492,62,531,6,478,32,153,306,467,387,186,66,149,245,126,524,290,140,403,274,193,248,526,217,118,133,380,128,50,309,34,525,152,160,81,484,17,92,281,293,91,189,169,171,489,386,376,36,332,231,26,230,249,10,119,322,330,416,439,210,41,493,317,138,73,292,355,533,494,422,72,250,43,1,82,185,262,267,74,174,391,157,468,401,222,88,273,188,412,375,335,78,424,255,20,465,109,97,523,472,506,40,96,312,451,270,347,455,456,367,200,284,307,461,390,110,67,151,278,111,139,469,384,275,124,239,201,79,479,325,297,435,13,509,277,24,125,220,272,93,370,532,77,38,513,288,241,95,259,54,165,527,458,39,44,243,191,507,155,232,499,372,326,11,99,337,18,137,65,378,426,413,156,163,205,381,495,327,357,521,123,266,258,2,466,501,464,318,398,353,135,283,202,302,449,53,481,286,440,427,164,305,75,21,340,336,294,300,30,207,289,518,442,415,452,12,473,144,212,85,192,516,100,216,101,313,410,471,315,16,175,48,359,419,462,388,324,236,429,180,339,22,528,228,358,421,260,423,127,490,402,25,158,46,142,457,482,515,89,392,117,83,162,476,450,529,59,208,500,334,418,519,196,436,448,4,483,63,295,121,354,407,321,194,369,112,94,8,167,328,120,233,446,237,70,64,98,9,374,311,69,206,145,351,52,279,264,103,276,510,445,106,209,363,238,475,47,477,146,520,170,14,58,240,282,263,28,108,285,360,502,505,214,431,182,460,15,23,397,219,497,71,154,159,486,430,199,310,514,373,365,136,377,204,234,371,143,147,383,148,105,132,379,31,184,280,408,319,362,298,68,368,244,296,454,512,441,55,331,396,346,176,223,485,246,323,420,224,87,308,247,116,399,414,229,221,183,333,434,488,5,251,218,113,29,203,173,356,299,530,7,129,33,304,107,197,198,463,498,3,102,271,329,504,172,225,338,409,42,316,428,49,19,227,417,86,269,301,211,385,261,45,115,382,114,257,342,343,131,349,150,350,
NOTE = Time limit = 3492 seconds.
ACO algorithm with MAX-MIN.
alpha = 1, beta = 2, rho = 0.9.
tau_0 = 0.00019855846554017834.

First best tour update at t = 0.
Last best tour update at t = 0.

The parameter values are 'max_it' = 2500 and 'num_ants' = 535.
RUN-TIME = 3565.4 seconds.
CERTIFICATE = 93576.
