USER = nchw73 (Theo Farrell),
ALGORITHM CODE = AC, NAME OF CITY-FILE = AISearchfile180.txt,
SIZE = 180, TOUR LENGTH = 1950,
4,63,36,89,163,78,20,37,76,112,47,156,128,11,131,6,10,80,34,5,66,118,125,24,105,159,90,46,139,15,48,100,173,71,101,133,19,155,99,49,153,64,93,132,178,176,41,177,29,2,115,9,162,73,53,67,160,7,38,44,32,82,55,85,88,148,120,95,135,127,31,96,33,124,114,144,158,79,123,129,130,116,143,43,94,69,161,168,86,28,179,109,107,104,138,97,56,14,92,142,57,12,39,68,119,26,171,3,106,174,50,0,70,25,21,145,152,141,154,169,157,172,18,72,126,175,110,61,58,165,150,8,102,16,151,170,54,103,147,134,77,51,62,136,60,27,91,45,149,1,117,65,83,22,140,42,74,146,166,59,35,164,17,122,167,13,121,137,23,113,87,75,30,52,81,98,84,40,111,108,
NOTE = ACO algorithm with AS_rank.
alpha = 1, beta = 5, rho = 0.1.
w = 6.
tau_0 = 813000.0.Stagnation at t = 318. Terminated.

First best tour update at t = 1.
Last best tour update at t = 217.

The parameter values are 'max_it' = 600 and 'num_ants' = 180.
RUN-TIME = 5585.4 seconds.
CERTIFICATE = 11682.
