USER = nchw73 (Theo Farrell),
ALGORITHM CODE = AC, NAME OF CITY-FILE = AISearchfile175.txt,
SIZE = 175, TOUR LENGTH = 22107,
66,102,114,120,75,14,97,82,122,145,73,124,28,93,154,40,10,53,4,0,38,169,128,131,16,88,20,100,146,56,105,134,147,101,54,165,89,37,138,3,151,173,99,51,132,92,142,27,127,84,11,25,153,110,7,6,149,17,118,64,70,107,113,95,15,152,115,168,125,166,140,5,157,160,1,96,50,91,106,19,46,68,62,103,80,8,163,23,43,155,60,24,34,33,167,148,52,55,159,65,116,48,139,161,130,150,170,59,85,119,81,79,90,104,129,121,126,141,94,9,26,36,12,69,21,111,22,67,76,61,45,31,135,143,47,2,98,74,32,44,29,77,83,41,156,112,123,13,18,136,49,108,42,57,172,58,39,72,174,30,133,35,78,86,144,63,162,109,158,71,117,137,164,87,171,
NOTE = Time limit = 3492 seconds.
ACO algorithm with MAX-MIN.
alpha = 1, beta = 2, rho = 0.9.
tau_0 = 0.000452345410955806.

First best tour update at t = 0.
Last best tour update at t = 0.

The parameter values are 'max_it' = 2500 and 'num_ants' = 175.
RUN-TIME = 3493.5 seconds.
CERTIFICATE = 10750.
