USER = nchw73 (Theo Farrell),
ALGORITHM CODE = AC, NAME OF CITY-FILE = AISearchfile175.txt,
SIZE = 175, TOUR LENGTH = 21476,
131,128,169,38,0,4,10,53,40,154,119,59,85,27,127,84,11,90,104,129,121,126,141,94,9,26,36,12,21,69,111,22,67,79,81,76,61,45,31,135,143,156,47,41,83,77,29,44,32,74,98,2,25,153,110,149,7,6,118,17,64,70,107,113,95,15,152,115,168,102,66,125,171,166,140,5,157,87,164,137,117,71,158,109,162,63,144,86,78,35,133,30,174,72,39,58,172,57,13,18,136,49,108,42,24,60,155,43,34,159,55,52,148,167,33,23,163,8,80,103,62,68,46,19,106,91,65,116,48,139,50,1,160,161,96,130,114,120,75,150,14,97,82,122,145,73,124,170,93,28,142,92,132,51,173,151,138,3,123,112,37,89,165,54,101,147,134,56,105,100,146,99,20,88,16,
NOTE = Time limit = 60 seconds.
ACO algorithm with MAX-MIN.
alpha = 1, beta = 2, rho = 0.9.
tau_0 = 0.000452345410955806.

First best tour update at t = 2.
Last best tour update at t = 6.

The parameter values are 'max_it' = 600 and 'num_ants' = 175.
RUN-TIME = 64.7 seconds.
CERTIFICATE = 10388.
