SIZE = 100,
280,271,286,280,240,263,149,280,189,208,286,286,280,332,263,215,232,216,288,169,215,128,280,299,288,318,149,224,280,293,215,166,326,286,208,312,337,166,128,172,240,286,166,226,128,280,172,337,216,174,273,189,271,263,170,273,248,286,303,263,311,286,304,240,215,280,248,263,286,172,288,310,256,208,128,299,191,189,222,293,280,240,286,247,240,215,286,261,286,325,211,266,172,264,189,211,286,288,286,
266,391,149,359,134,283,266,220,202,391,391,241,289,167,344,280,234,234,241,344,280,202,262,241,274,283,344,177,242,344,241,391,391,202,234,295,241,283,283,359,391,241,202,283,202,289,316,262,316,213,220,241,189,316,241,289,391,256,167,391,391,280,359,344,224,262,167,391,283,241,266,344,202,262,289,256,220,220,359,149,359,391,316,359,344,391,359,391,281,341,344,283,253,253,341,391,283,391,
385,289,352,282,274,111,256,272,385,385,333,379,296,336,296,285,340,229,336,271,189,350,340,367,274,336,304,345,336,229,385,385,226,340,385,229,274,274,352,385,229,292,274,319,280,385,285,308,326,266,324,311,308,326,308,385,354,224,385,385,355,352,336,333,308,224,385,274,340,361,336,211,251,350,229,242,289,352,234,352,385,308,352,336,385,352,385,373,333,336,274,319,268,333,385,340,385,
391,189,378,284,391,333,345,113,256,320,333,378,204,286,324,378,320,204,286,391,304,320,333,284,204,391,333,204,320,298,189,345,416,310,320,284,284,177,224,320,345,284,391,277,310,304,246,378,333,320,378,246,320,277,149,333,378,283,234,286,177,214,391,304,378,134,284,320,333,215,345,304,277,320,333,333,263,391,205,202,246,189,204,177,220,245,345,232,225,284,312,312,250,247,284,179,
359,127,283,289,220,202,391,391,241,266,127,344,280,234,202,266,344,280,234,262,241,245,283,344,134,220,344,256,391,391,202,202,283,262,283,283,359,391,241,202,283,167,289,316,262,316,177,220,241,149,316,241,289,391,224,202,391,391,280,359,344,189,262,202,391,283,241,234,344,215,262,289,282,220,220,359,189,359,391,316,359,344,391,359,391,255,341,344,283,253,253,341,391,283,391,
345,236,359,294,307,202,304,279,294,345,203,240,284,345,279,232,240,359,263,279,294,265,129,359,294,187,279,246,256,307,384,264,279,249,277,198,282,279,307,249,359,227,264,263,278,345,294,279,345,236,279,227,177,294,345,225,289,240,213,275,359,263,345,213,236,279,294,136,307,263,227,289,294,294,198,359,269,266,187,256,247,245,143,297,307,288,152,277,270,270,300,178,236,177,
266,282,196,177,378,378,218,274,134,329,263,211,213,256,329,263,224,240,218,255,266,329,149,221,329,245,378,378,186,213,280,251,266,266,345,378,220,177,266,177,272,300,240,300,189,196,218,167,300,218,272,378,234,189,378,378,263,345,329,202,240,189,378,266,218,245,329,204,240,272,274,196,196,345,177,345,378,300,345,329,378,345,378,266,326,329,266,230,230,326,378,266,378,
283,193,211,284,284,254,310,266,211,200,181,266,203,211,128,283,277,264,295,189,211,283,271,211,191,304,284,211,314,316,199,172,207,236,284,170,211,172,283,128,316,181,209,266,193,241,266,166,243,216,284,280,266,289,284,282,236,211,283,216,266,284,128,264,288,224,211,149,277,225,193,193,270,283,236,284,215,236,211,284,236,284,303,223,234,207,232,154,241,284,264,284,
256,272,391,391,333,379,296,344,296,285,340,241,344,280,189,350,340,367,283,344,304,345,344,241,391,391,226,340,385,241,283,283,359,391,241,292,283,319,289,385,285,316,326,266,324,311,316,326,308,391,354,224,391,391,355,359,344,333,308,224,391,283,340,361,344,211,262,350,241,242,289,359,234,359,391,316,359,344,391,359,391,373,341,344,283,319,268,341,391,340,391,
130,333,333,234,296,196,276,189,158,245,224,276,189,220,261,245,281,211,276,220,253,276,213,333,333,145,262,303,219,194,227,294,333,185,171,194,220,202,303,162,241,224,113,221,202,241,224,202,333,266,196,333,333,268,294,276,234,196,196,333,193,245,274,276,169,175,261,245,124,167,294,220,294,333,241,294,276,333,294,333,289,274,276,227,213,143,274,333,245,333,
345,345,216,284,177,289,208,140,227,241,289,208,209,243,227,269,229,289,202,235,289,231,345,345,171,246,290,237,213,245,307,345,205,144,213,202,220,290,181,258,205,121,203,181,258,205,220,345,248,177,345,345,251,307,289,216,181,177,345,211,227,259,289,187,196,243,263,148,139,307,202,307,345,258,307,289,345,307,345,277,287,289,245,194,170,287,345,227,345,
245,320,333,378,204,286,324,378,320,204,286,391,304,320,333,284,204,391,333,204,320,305,177,345,416,318,320,284,284,177,213,320,345,284,391,277,318,304,246,378,333,320,378,246,320,277,167,333,378,290,224,286,177,204,391,304,378,113,284,320,333,225,345,304,278,320,333,333,272,391,193,189,246,177,204,167,231,234,345,222,236,284,312,312,239,257,284,191,
340,386,378,243,304,324,378,320,215,286,391,357,347,373,284,298,391,352,258,320,380,189,345,416,391,320,284,284,249,149,320,345,284,391,277,391,304,246,378,333,331,378,246,333,315,282,361,378,368,134,362,234,204,391,315,378,234,284,347,367,320,345,304,357,320,333,333,352,391,177,177,314,189,204,202,324,113,379,207,327,284,326,312,207,341,347,298,
201,218,261,177,196,218,311,280,269,289,141,113,177,303,261,241,131,261,304,320,320,263,278,211,308,291,314,279,320,286,184,291,241,238,220,196,315,218,224,121,218,283,113,179,320,149,266,320,326,166,279,312,241,159,266,320,238,113,167,261,276,280,179,326,248,189,279,256,306,320,220,296,290,320,279,333,189,324,261,314,134,222,336,320,170,320,
255,312,255,270,196,361,331,321,340,172,189,134,353,276,245,180,303,354,333,347,317,262,193,358,342,363,309,367,337,262,342,223,299,241,270,364,213,289,215,234,334,213,240,333,167,319,333,373,189,319,362,220,240,319,333,299,189,149,276,327,332,202,373,306,266,294,311,356,354,241,347,341,340,294,379,121,372,276,363,223,288,382,333,193,333,
329,263,211,189,274,329,263,245,240,218,234,266,329,127,198,329,266,378,378,210,189,266,271,266,277,345,378,241,177,266,149,272,300,240,300,167,196,218,134,300,218,272,378,213,213,378,378,263,345,329,177,240,213,378,266,218,224,329,226,240,272,289,196,196,345,202,345,378,300,345,329,378,345,378,245,326,329,277,230,230,326,378,266,378,
215,266,329,261,143,215,344,279,268,298,211,194,344,276,126,261,306,204,289,370,319,261,211,211,129,211,261,289,211,344,202,319,239,206,329,276,261,329,160,261,220,204,283,329,291,222,284,129,202,344,239,329,204,211,268,290,227,289,239,279,261,276,276,273,344,191,204,218,175,167,204,232,233,305,220,238,211,249,249,238,259,268,204,
174,263,274,232,216,280,207,189,234,264,215,280,198,215,266,286,286,210,312,264,271,248,277,240,286,241,208,248,280,181,264,128,278,263,189,166,263,236,167,128,286,213,263,286,289,215,240,275,280,128,263,286,181,189,224,215,226,232,207,289,193,189,240,280,269,286,170,255,246,286,240,296,245,288,215,277,149,165,300,286,189,286,
211,261,266,200,234,224,207,250,248,266,234,215,266,250,324,324,192,273,277,257,232,264,284,324,225,140,232,234,187,277,136,266,211,141,180,211,227,183,187,324,229,211,324,324,231,284,266,234,149,211,324,177,207,240,266,209,216,224,278,175,118,284,234,284,324,227,284,266,324,284,324,261,276,266,264,172,139,289,324,207,324,
319,329,277,296,240,218,196,310,329,177,196,329,311,378,378,272,187,266,316,299,321,345,378,294,197,299,149,272,300,240,322,134,234,218,167,300,218,272,378,196,274,378,378,263,345,329,127,240,274,378,266,218,196,329,283,288,272,333,258,202,345,266,345,378,300,345,329,378,345,378,177,331,329,321,230,232,343,378,266,378,
261,185,241,329,319,347,170,268,282,324,261,113,355,320,193,319,366,87,170,170,279,320,155,270,170,296,220,366,261,220,304,234,302,289,220,304,285,320,333,218,341,320,334,279,261,311,285,218,320,220,319,340,290,175,169,329,134,210,266,324,241,279,320,284,279,261,320,294,320,354,258,298,170,296,236,258,320,319,320,
215,344,299,288,317,211,224,344,293,167,261,326,204,289,370,337,261,211,211,152,204,261,289,211,344,202,337,239,174,329,276,271,329,160,273,248,204,303,329,311,204,304,132,170,344,248,329,204,211,288,310,255,289,239,299,261,276,276,293,344,159,204,247,137,126,204,261,204,324,189,266,211,264,249,209,281,288,223,
280,288,277,306,172,215,280,282,215,174,315,286,208,312,327,180,149,189,240,286,166,210,149,280,149,327,200,191,263,189,257,263,170,259,232,286,291,263,300,286,293,240,215,280,232,263,286,149,277,299,240,208,128,288,209,189,205,282,280,240,286,231,240,215,286,245,286,314,211,250,189,248,172,225,286,277,286,
308,296,326,283,344,256,302,344,241,391,391,202,296,346,241,283,283,359,391,241,238,283,274,289,346,262,316,282,220,280,266,316,282,289,391,311,149,391,391,313,359,344,289,262,149,391,283,296,319,344,202,262,308,241,220,234,359,167,359,391,316,359,344,391,359,391,333,341,344,283,274,253,341,391,296,391,
128,162,321,239,262,162,269,322,304,315,283,294,181,326,310,332,275,336,305,214,310,262,264,196,224,333,240,250,162,240,301,158,189,304,162,285,304,343,128,285,330,262,189,285,304,264,128,162,239,294,299,150,343,272,218,263,278,324,322,196,315,309,308,263,350,181,342,239,332,172,248,354,304,132,304,
167,310,261,241,125,261,311,320,320,272,278,200,316,299,321,279,326,294,197,299,241,248,220,207,322,218,234,137,218,290,134,179,320,134,274,320,333,166,279,320,241,172,274,320,248,70,149,261,283,288,179,333,258,202,279,266,314,320,220,304,298,320,279,340,177,331,261,321,149,232,343,320,170,320,
339,276,223,154,288,340,333,333,302,262,193,344,328,349,294,354,323,241,328,220,284,241,250,350,196,274,192,213,320,189,218,333,134,304,333,361,189,304,348,220,218,304,333,284,167,113,276,313,318,202,361,291,245,294,296,342,340,241,333,327,333,294,367,121,359,276,349,201,273,370,333,193,333,
256,283,316,211,170,347,284,211,314,358,170,128,128,236,284,170,258,128,288,207,358,248,166,295,222,294,280,166,295,277,284,325,266,333,284,326,236,211,303,277,266,284,207,310,332,282,211,149,321,170,197,254,315,283,236,284,275,236,211,284,285,284,346,208,289,128,288,224,208,304,310,284,
344,276,177,261,255,247,289,370,271,264,240,270,187,275,261,289,240,344,202,271,239,272,329,276,261,329,227,261,202,204,276,329,234,283,224,203,269,344,239,329,204,211,261,276,149,289,239,216,283,276,276,207,344,261,257,160,247,238,236,158,290,289,282,167,270,249,249,294,204,211,204,
220,344,274,391,391,221,177,283,279,283,284,359,391,252,202,283,134,289,316,262,316,149,220,241,127,316,241,289,391,220,224,391,391,280,359,344,167,262,224,391,283,241,220,344,236,262,289,296,220,220,359,213,359,391,316,359,344,391,359,391,234,341,344,284,253,253,341,391,283,391,
276,317,333,333,278,262,193,321,304,326,294,333,299,205,304,220,256,241,215,327,196,242,148,196,296,144,202,333,124,280,333,338,189,294,325,220,179,280,333,256,125,138,276,288,293,202,338,266,210,294,272,319,333,241,309,303,333,294,345,170,337,276,326,163,240,348,333,193,333,
261,296,204,289,370,309,261,211,218,129,225,261,289,211,344,202,309,239,220,329,276,261,329,171,261,205,204,276,329,281,236,274,137,216,344,239,329,204,211,261,280,213,289,239,269,261,276,276,261,344,207,204,203,191,181,204,218,247,295,234,223,218,249,249,252,245,254,204,
348,320,180,311,360,96,170,170,279,320,139,260,170,289,209,360,250,220,296,224,295,282,220,296,278,320,326,218,334,320,327,279,261,304,278,218,320,209,311,333,283,164,152,322,149,198,256,316,241,279,320,277,279,261,320,287,320,347,258,290,170,289,225,258,320,311,320,
341,345,416,284,352,336,357,303,362,332,345,336,391,293,246,304,358,378,333,320,378,328,320,277,275,333,378,134,368,286,312,356,391,304,378,313,293,320,333,223,345,326,277,368,333,333,177,391,350,348,246,341,335,334,218,374,345,367,213,357,312,312,377,189,284,255,
345,416,353,320,284,284,181,149,320,345,284,391,277,353,304,246,378,333,320,378,246,320,277,224,333,378,327,167,320,177,204,391,304,378,167,284,320,333,275,345,304,315,320,333,333,309,391,177,113,269,177,204,113,279,177,345,207,283,284,312,312,207,298,304,247,
272,323,187,211,211,307,345,154,203,211,242,220,323,192,258,253,163,251,231,258,253,226,345,287,177,345,345,288,307,289,263,226,177,345,211,272,294,289,127,181,283,216,128,198,307,202,307,345,258,307,289,345,307,345,309,287,289,211,242,170,287,345,272,345,
314,316,314,321,384,416,294,246,314,162,320,345,294,345,187,262,278,187,345,278,320,416,262,274,416,416,312,384,370,162,294,274,416,314,278,262,370,283,294,320,333,262,262,384,266,384,416,345,384,370,416,384,416,246,368,370,321,287,287,368,416,314,416,
364,348,368,315,372,343,270,348,283,305,166,277,369,266,295,224,266,340,222,248,288,193,325,284,378,173,324,367,283,248,325,325,305,200,193,241,333,337,181,378,312,273,236,318,362,360,250,352,347,346,236,385,211,377,231,368,232,294,388,284,200,284,
170,170,279,320,148,266,170,293,216,364,257,220,301,230,299,286,220,301,282,320,330,218,338,320,331,279,261,308,282,218,320,216,316,337,287,171,163,326,140,205,262,321,241,279,320,281,279,261,320,291,320,351,258,295,170,293,232,258,320,316,320,
149,236,284,170,242,70,283,189,348,232,166,284,205,283,269,166,284,264,284,314,266,322,284,315,236,211,291,264,266,284,189,299,321,270,211,132,310,174,193,238,304,283,236,284,263,236,211,284,274,284,335,208,278,149,277,207,208,293,299,284,
236,284,170,272,149,299,224,368,264,166,306,238,305,291,169,306,288,284,335,266,343,284,336,236,211,314,288,266,284,224,321,342,293,211,172,332,170,214,269,326,283,236,284,287,236,211,284,297,284,356,208,300,70,299,240,208,315,321,284,
217,279,307,236,359,227,315,263,211,345,294,279,345,187,279,227,177,294,345,288,227,280,126,207,359,263,345,177,236,279,294,222,307,263,275,279,294,294,269,359,198,194,213,181,172,177,227,238,307,225,232,236,270,270,243,254,262,187,
320,345,284,391,277,372,304,246,378,333,320,378,246,320,293,256,340,378,348,113,341,202,204,391,304,378,202,284,326,347,298,345,304,336,320,333,333,331,391,177,134,292,177,204,167,302,134,361,207,305,284,312,312,207,320,326,275,
235,170,272,181,343,225,220,279,198,278,263,220,279,257,320,309,218,320,320,310,279,261,286,257,218,320,181,294,316,264,154,127,305,181,171,231,299,241,279,320,256,279,261,320,279,320,330,258,273,170,272,200,258,320,294,320,
242,202,220,270,181,273,177,157,171,177,258,173,220,345,219,206,345,345,221,307,289,202,181,206,345,211,197,230,289,219,226,220,284,185,121,307,202,307,345,258,307,289,345,307,345,251,287,289,272,170,170,296,345,211,345,
283,189,348,232,166,284,205,283,269,166,284,264,284,314,266,322,284,315,236,211,291,264,266,284,189,299,321,270,211,132,310,174,193,238,304,283,236,284,263,236,211,284,274,284,335,208,278,149,277,207,208,293,299,284,
289,316,262,316,127,220,241,127,316,241,289,391,220,245,391,391,280,359,344,134,262,245,391,283,241,220,344,258,264,289,311,226,220,359,234,359,391,316,359,344,391,359,391,213,341,344,299,253,253,341,391,283,391,
305,165,225,272,202,225,272,175,227,200,277,269,272,278,277,271,227,222,289,200,272,277,99,248,277,207,220,172,264,241,202,202,256,289,227,277,198,227,202,277,227,277,291,239,218,224,216,166,257,277,248,277,
277,369,300,295,224,300,340,222,248,288,241,325,246,378,173,324,367,316,248,325,325,305,220,241,241,333,337,181,378,312,273,191,318,362,360,250,352,347,346,236,385,258,377,231,368,232,294,388,246,200,272,
266,240,162,180,240,220,183,150,304,229,240,304,304,231,263,262,262,149,240,304,165,207,240,239,209,216,224,278,175,162,263,262,263,304,196,263,239,304,263,304,261,276,239,264,172,139,289,304,207,304,
308,241,306,300,170,308,289,250,336,300,344,246,338,196,160,316,289,300,246,225,322,343,294,258,196,333,220,241,270,327,316,187,246,288,187,160,246,298,246,357,154,301,166,300,241,154,316,322,272,
213,218,134,300,218,272,378,196,256,378,378,263,345,329,127,240,256,378,266,218,196,329,268,273,272,319,237,196,345,245,345,378,300,345,329,378,345,378,201,326,329,306,230,230,329,378,266,378,
211,196,241,213,202,333,256,196,333,333,258,294,276,224,183,196,333,193,234,266,276,179,187,250,256,138,149,294,220,294,333,241,294,276,333,294,333,281,274,276,238,202,143,274,333,234,333,
218,274,75,179,320,169,253,320,320,171,279,304,241,138,253,320,225,137,179,261,266,271,179,317,235,175,279,243,297,320,220,287,281,320,279,324,204,316,261,305,112,209,328,320,170,320,
300,218,272,378,196,234,378,378,263,345,329,149,240,234,378,266,218,202,329,247,254,272,304,216,196,345,224,345,378,300,345,329,378,345,378,223,326,329,291,230,230,326,378,266,378,
275,252,246,305,300,314,246,307,187,167,316,252,300,246,175,290,313,259,258,196,301,220,241,241,295,316,187,246,250,187,160,246,265,246,327,185,269,169,268,208,205,284,290,246,
179,320,167,256,320,320,169,279,305,241,141,256,320,227,134,177,261,268,273,179,319,237,177,279,245,299,320,220,289,283,320,279,326,201,317,261,306,113,211,329,320,170,320,
277,202,272,277,300,198,229,286,289,150,272,277,200,179,207,202,242,248,189,300,210,202,227,289,280,278,154,270,262,277,227,308,229,299,202,288,166,181,311,277,172,277,
333,378,257,266,286,177,246,391,304,378,177,284,320,333,204,345,304,277,320,333,333,231,391,238,234,246,223,214,213,185,274,345,264,204,284,312,312,278,215,284,137,
289,333,347,189,294,334,220,196,289,333,269,134,113,276,298,303,202,347,276,224,294,282,328,333,241,319,312,333,294,354,149,345,276,335,177,254,357,333,193,333,
378,378,290,345,329,266,240,70,378,266,274,296,329,177,240,285,218,196,202,345,127,345,378,300,345,329,378,345,378,311,326,329,266,245,230,326,378,274,378,
355,286,298,342,391,304,378,298,284,320,333,204,345,311,277,355,333,333,177,391,336,334,246,327,321,320,195,362,345,354,204,343,312,312,365,167,284,234,
348,213,204,391,304,378,213,284,333,354,305,345,304,343,320,333,333,338,391,177,149,299,177,204,177,309,113,367,207,313,284,312,312,207,327,333,283,
290,335,280,198,290,290,271,166,189,215,299,304,112,348,278,226,240,283,329,327,200,320,314,313,240,355,208,347,215,336,179,256,359,286,137,286,
191,359,263,345,177,236,279,296,236,307,263,285,279,294,294,279,359,181,177,227,167,152,177,241,224,311,211,246,236,270,270,229,268,274,203,
344,286,329,204,222,320,341,291,289,239,330,261,276,276,325,344,129,204,285,137,149,204,295,204,355,130,299,211,298,249,155,314,320,269,
262,266,391,283,241,220,344,276,280,289,326,248,220,359,256,359,391,316,359,344,391,359,391,202,341,344,314,253,253,341,391,283,391,
240,304,200,172,207,239,242,248,189,300,210,162,263,262,280,304,196,270,262,304,263,308,229,299,239,288,128,181,311,304,172,304,
378,266,274,296,329,177,240,285,218,196,202,345,127,345,378,300,345,329,378,345,378,311,326,329,266,245,230,326,378,274,378,
284,320,333,236,345,304,285,320,333,333,279,391,180,177,246,177,204,149,241,224,345,211,247,284,312,312,229,268,284,203,
248,277,211,211,172,264,241,193,193,256,283,236,284,198,236,211,284,236,284,291,239,218,224,216,154,257,284,248,284,
149,261,283,288,179,333,258,202,279,266,314,320,220,304,298,320,279,340,177,331,261,321,149,232,343,320,170,320,
276,305,310,202,354,284,234,294,289,335,333,241,326,320,333,294,361,134,352,276,342,189,264,364,333,193,333,
289,256,202,305,276,276,172,344,285,283,160,275,269,268,129,313,289,304,113,293,249,249,316,204,211,204,
181,294,199,148,215,307,202,307,345,258,307,289,345,307,345,320,287,289,211,258,181,287,345,283,345,
299,191,162,222,293,262,263,304,247,263,239,304,263,304,325,236,266,172,264,189,236,304,288,304,
343,272,218,227,289,324,322,191,315,309,308,227,350,220,342,202,332,172,248,354,277,128,277,
231,282,338,241,279,320,299,279,261,320,309,320,367,258,313,170,311,257,258,327,333,320,
180,294,220,294,333,241,294,276,333,294,333,298,274,276,214,226,143,274,333,258,333,
294,220,294,333,241,294,276,333,294,333,255,280,276,269,167,146,293,333,202,333,
359,319,316,187,309,303,302,167,345,307,336,159,326,270,270,348,177,236,207,
359,391,316,359,344,391,359,391,304,341,344,283,253,253,341,391,283,391,
177,279,126,137,177,289,177,349,141,293,236,291,270,169,308,314,261,
277,177,204,134,287,167,347,207,290,284,312,312,207,305,311,257,
269,261,259,187,307,258,298,160,287,208,208,310,246,174,246,
129,177,279,177,340,165,283,236,281,270,183,298,304,246,
204,273,204,334,174,276,211,275,249,194,291,298,238,
272,189,345,207,275,284,312,312,207,290,296,236,
316,307,308,129,297,270,270,320,177,236,177,
373,207,320,284,319,312,207,334,340,290,
366,289,356,213,280,376,345,211,345,
311,208,310,255,130,326,331,281,
300,249,249,323,204,211,204,
299,240,208,315,321,284,
200,322,312,154,312,
271,312,232,312,
337,343,294,
284,189,
284,
NOTE = HOMEMADE by deleting first 75 from 175 file