USER = nchw73 (Theo Farrell),
ALGORITHM CODE = GA, NAME OF CITY-FILE = AISearchfile180.txt,
SIZE = 180, TOUR LENGTH = 1950,
4,63,36,89,163,78,20,37,76,112,47,156,5,34,80,10,6,131,11,128,24,125,118,66,2,29,44,38,7,160,67,53,73,162,9,115,8,150,165,58,61,110,175,126,72,18,172,157,16,102,136,62,51,77,134,147,103,54,170,151,31,96,32,82,55,85,88,148,120,95,135,127,33,124,114,144,158,79,123,129,130,116,143,43,41,177,19,155,99,49,153,64,93,132,178,176,30,52,81,98,84,40,111,108,23,113,87,75,3,171,26,119,68,39,12,57,142,92,14,56,0,50,174,106,169,154,141,152,145,21,25,70,15,139,46,90,159,105,133,101,71,173,100,48,17,122,167,13,121,137,74,146,166,59,35,164,22,83,65,117,1,149,45,91,27,60,42,140,69,94,97,138,104,107,109,179,28,86,168,161,
NOTE = Starting p_mutation = 0.2.
First best tour update at it = 10.
Last best tour update at it = 11.

The parameter values are 'max_it' = 250 and 'pop_size' = 250.
RUN-TIME = 188.4 seconds.
CERTIFICATE = 11612.
