USER = nchw73 (Theo Farrell),
ALGORITHM CODE = GA, NAME OF CITY-FILE = AISearchfile535.txt,
SIZE = 535, TOUR LENGTH = 49755,
205,163,156,413,65,378,426,18,137,99,337,11,326,372,499,232,155,495,381,327,357,521,123,266,258,2,37,141,511,76,134,444,57,291,366,487,438,453,496,254,447,61,341,265,166,253,348,389,404,160,152,443,104,361,60,51,314,459,215,242,235,352,306,467,32,153,387,186,195,90,178,344,400,187,534,491,177,0,27,393,268,432,62,492,35,531,6,478,226,395,411,508,130,345,480,406,122,425,80,179,181,252,256,168,213,84,190,303,364,433,405,287,437,517,503,470,161,522,466,501,464,318,398,353,481,53,449,302,135,283,202,286,440,427,164,305,75,21,340,336,294,300,30,207,289,518,442,415,452,12,473,144,212,85,192,516,100,216,101,471,315,16,175,48,359,419,462,388,324,236,429,402,490,180,339,22,528,228,358,421,260,423,127,457,482,515,89,392,46,142,25,158,117,83,162,500,476,450,529,59,208,323,246,420,224,55,331,396,346,176,223,485,184,31,244,368,68,298,362,319,408,280,296,454,512,441,247,87,308,116,399,414,229,488,434,5,251,218,113,183,333,221,197,107,7,129,33,304,299,356,530,313,410,334,418,519,436,448,4,483,446,233,120,167,328,8,94,112,369,194,321,237,121,354,407,63,295,196,70,64,98,9,374,311,69,206,145,351,52,279,264,103,276,510,445,106,209,363,475,238,47,477,146,520,170,14,58,240,282,263,28,108,285,360,502,505,214,431,182,460,15,23,397,219,497,71,154,159,486,430,199,310,514,373,365,136,377,204,234,371,147,143,379,132,105,148,383,173,29,203,320,474,56,394,81,484,17,92,281,293,91,189,169,171,489,386,376,36,332,231,26,230,249,10,119,322,330,416,439,210,41,493,317,138,73,292,355,533,494,422,72,250,43,1,82,185,262,267,74,174,391,157,468,401,222,88,273,188,412,375,335,78,424,255,20,465,109,97,523,472,506,40,96,312,451,270,347,455,456,367,200,284,307,461,390,110,67,151,278,111,297,435,13,509,277,24,125,220,272,93,370,532,77,79,201,239,479,325,124,275,384,469,139,38,527,165,54,259,95,241,458,288,513,39,44,243,191,507,131,349,150,350,86,269,301,19,227,417,211,385,261,45,115,382,114,257,342,343,42,316,428,49,172,225,338,409,3,498,102,271,329,504,463,198,525,50,309,34,118,133,380,128,217,526,248,193,66,149,245,126,524,290,140,403,274,
NOTE = Time limit = 59 seconds.
Starting p_mutation = 0.2.
First best tour update at it = 27.
Last best tour update at it = 28.

The parameter values are 'max_it' = 2000 and 'pop_size' = 250.
RUN-TIME = 60.0 seconds.
CERTIFICATE = 93632.
