USER = nchw73 (Theo Farrell),
ALGORITHM CODE = AC, NAME OF CITY-FILE = AISearchfile535.txt,
SIZE = 535, TOUR LENGTH = 48512,
413,156,163,205,499,232,155,489,171,169,386,376,91,189,281,293,92,17,484,81,160,152,443,104,361,394,56,474,320,60,51,314,459,404,389,348,166,253,265,341,61,447,254,496,453,438,366,487,291,57,287,437,517,503,470,213,190,84,303,364,433,405,161,522,168,256,425,122,179,80,181,252,226,395,508,411,345,130,480,406,242,215,235,352,306,467,32,153,387,186,400,344,178,90,195,0,177,491,534,187,432,268,393,27,478,6,531,35,492,62,34,309,50,525,128,380,118,133,193,248,526,217,290,126,524,245,149,66,140,403,274,355,292,73,494,422,138,317,493,41,533,210,439,416,330,322,119,10,249,26,230,231,332,36,72,250,43,1,267,262,82,185,74,174,391,222,401,468,157,188,273,88,412,375,335,78,424,435,297,255,20,465,110,67,151,278,111,77,532,370,93,272,220,125,24,277,509,13,165,527,38,54,259,95,241,458,513,288,507,39,44,243,191,150,349,131,350,325,479,239,201,79,139,469,384,275,124,347,455,456,367,40,96,312,451,270,109,97,523,472,506,390,461,307,200,284,301,86,269,417,227,19,211,385,261,382,45,115,343,114,257,342,49,316,428,42,338,409,225,172,498,3,504,271,102,329,463,198,29,203,173,147,383,148,105,132,379,143,371,234,204,136,377,514,310,199,373,365,71,154,486,159,430,170,58,14,497,219,431,182,460,15,23,397,360,502,505,214,28,108,285,263,282,240,520,146,477,47,475,238,445,510,103,264,279,276,52,145,351,206,69,98,9,374,70,64,311,209,363,106,8,94,112,369,194,321,237,167,328,120,233,446,121,407,354,63,295,4,483,448,436,196,519,418,334,500,117,83,162,476,450,529,208,59,323,246,485,223,176,346,420,224,55,331,396,184,31,244,368,68,298,362,319,408,280,454,296,512,441,308,87,247,399,116,113,218,251,5,488,434,183,333,229,414,221,89,392,515,482,457,25,142,46,158,402,429,236,324,388,490,528,22,339,180,127,423,260,421,228,358,299,356,530,16,175,48,359,419,462,197,107,7,129,33,304,315,471,192,516,100,216,101,85,212,144,410,313,473,442,518,289,12,207,30,415,452,300,75,305,21,340,336,294,164,427,440,202,302,449,53,283,135,353,481,398,286,318,464,501,466,444,134,76,511,141,37,2,258,266,123,521,357,327,381,495,372,326,11,99,337,137,18,426,378,65,
NOTE = ACO algorithm with MAX-MIN.
alpha = 1, beta = 2, rho = 0.9.
tau_0 = 0.00020045302383386458.

First best tour update at t = 4.
Last best tour update at t = 70.

The parameter values are 'max_it' = 600 and 'num_ants' = 535.
RUN-TIME = 15160.5 seconds.
CERTIFICATE = 94886.
